34.0793634, 71.4037284
33.9801173, 71.5018941
34.0010733, 71.4699193
33.9801173, 71.5018941
34.0063303, 71.9966386
34.0063303, 71.9966386
34.1497191, 71.7373639
34.1497191, 71.7373639
34.1980523, 72.0444603
34.1980523, 72.0444603
34.1980523, 72.0444603
34.1178952, 72.4648975
34.1178952, 72.4648975
33.581531, 71.429793
33.1152158, 71.1034076
33.5342781, 71.0594227
34.156647, 73.2196923
34.156647, 73.2196923
34.0003676, 72.935927
34.333333, 73.2
34.333333, 73.2
34.6779197, 73.0238057
35.2483738, 73.2095427
31.8261032, 70.9090723
31.8236127, 70.9093549
32.9916153, 70.6061021
32.60304, 70.9154224
34.3978295, 72.6291658
35.1141224, 72.395099
35.1141224, 72.395099
34.9828212, 72.6401874
35.8359592, 71.7796967
35.1963242, 71.8716467
34.8584971, 71.9060467
34.5035137, 71.8976113
32.6158253, 69.8514215
32.6158253, 69.8514215
32.6158253, 69.8514215
32.6158253, 69.8514215
32.6158253, 69.8514215
32.6158253, 69.8514215
32.6158253, 69.8514215
32.6158253, 69.8514215
34.7275, 71.511324
32.6158253, 69.8514215
32.6158253, 69.8514215
32.6158253, 69.8514215
33.709667, 73.07146
33.7182406, 73.0620777
33.6051649, 73.0423789
33.5887888, 73.1347422
33.4078925, 73.4283463
33.4078925, 73.4283463
33.6051649, 73.0423789
33.554245, 73.1379947
33.6404814, 73.0713177
33.9045568, 72.3081349
33.9045568, 72.3081349
33.8295615, 72.3927669
32.9294907, 72.8554183
32.4532723, 72.422173
32.9328843, 73.7203085
32.933406, 73.7352124
32.0795771, 72.6719205
32.079128, 72.671753
32.079128, 72.671753
32.0314681, 72.6923027
32.0795771, 72.6719205
32.2950185, 72.3510082
32.2950185, 72.3510082
32.5840653, 71.5471504
30.5781981, 71.2382765
31.6204981, 71.0644185
31.4721145, 71.2953926
31.4186218, 73.0776619
31.4992846, 73.053654
31.542295, 73.0861845
30.8521928, 73.4437012
31.4186218, 73.0776619
31.4093657, 73.0682489
31.4089487, 73.0672793
30.827237, 73.4495527
30.827237, 73.4495527
31.4186218, 73.0776619
31.390685, 73.104
31.2655339, 72.3175921
31.2328109, 72.3357375
31.6136749, 71.0739818
31.2784017, 72.3421404
31.2655339, 72.3175921
31.6136749, 71.0739818
30.9751997, 72.4771244
30.9479108, 72.4955519
30.9479108, 72.4955519
32.1504359, 74.1818916
32.1072337, 74.1816023
32.3262744, 74.3427262
32.1504359, 74.1818916
32.1504359, 74.1818916
31.8007946, 74.0318294
31.8007946, 74.0318294
32.0679223, 73.6839976
32.0679223, 73.6839976
32.5739338, 74.0792659
32.5537036, 74.0833541
32.566667, 74.083333
32.566667, 74.083333
32.5832138, 73.498711
32.601375, 73.5083889
32.4965327, 74.5367233
30.2102232, 67.0179148
30.2102232, 67.0179148
30.3823784, 67.7268135
30.7007039, 66.6986754
30.3643706, 68.6002045
31.3484766, 69.4511849
29.5473125, 67.8718796
27.3821811, 67.9200165
24.8940173, 67.0277322
29.0321827, 66.5826806
27.8061663, 66.6187857
26.0982691, 65.475736
28.5704444, 65.5247556
26.0044682, 63.0589838
27.8583538, 68.7005929
27.8583538, 68.7005929
32.4870616, 74.5255447
32.2757899, 74.6543044
32.2757899, 74.6543044
32.4965327, 74.5367233
32.1072824, 74.8679442
32.2822469, 74.8939995
32.2822469, 74.8939995
33.2619574, 73.3012817
33.2619574, 73.3012817
33.2619574, 73.3012817
31.5278357, 74.3386761
33.2619574, 73.3012817
33.2619574, 73.3012817
33.2619574, 73.3012817
31.5479043, 74.3934155
31.5457081, 74.3395427
33.2619574, 73.3012817
31.4741564, 74.3159588
33.2619574, 73.3012817
31.7136564, 73.9853559
31.7178105, 73.9755857
31.7178105, 73.9755857
32.1253711, 74.1826165
31.7136564, 73.9853559
31.7178105, 73.9755857
31.7178105, 73.9755857
31.1180374, 74.4500903
31.1000302, 74.4249095
31.1000302, 74.4249095
31.1000302, 74.4249095
31.1180374, 74.4500903
30.8014609, 73.4464952
30.7989623, 73.4489906
30.735001, 73.357498
30.7989623, 73.4489906
30.7989623, 73.4489906
30.1930334, 71.4604697
30.1930334, 71.4604697
30.203056, 71.4188889
30.1930334, 71.4604697
30.1930334, 71.4604697
30.203056, 71.4188889
29.5368807, 71.6305764
29.5368258, 71.6451824
30.300207, 71.9318414
30.2156923, 71.5263122
30.2156923, 71.5263122
30.3188732, 71.9200446
30.6641672, 73.108266
31.886389, 72.308334
31.886389, 72.308334
30.6641672, 73.108266
30.3466138, 73.3876775
30.6514601, 73.1209955
30.6514601, 73.1209955
30.0457157, 72.3483006
30.1509355, 71.5460932
30.1264631, 71.5890544
30.1264631, 71.5890544
31.171501, 72.7137438
31.4339548, 74.2637391
31.171501, 72.7137438
29.102861, 70.326202
29.262222, 70.187775
30.0651232, 71.1906803
29.7591897, 71.0628426
30.5781981, 71.2382765
30.0651232, 71.1906803
30.0651232, 71.1906803
30.9550232, 70.9390236
31.0441756, 70.9663256
29.3948897, 71.6851685
29.3948897, 71.6851685
29.121836, 71.7477842
29.3948897, 71.6851685
29.3948897, 71.6851685
29.9980969, 73.2507124
30, 73.25
29.9980969, 73.2507124
29.9980969, 73.2507124
28.4167585, 70.2997356
28.4152798, 70.3025551
28.4136743, 70.301107
28.0169109, 69.3170462
28.4150777, 70.297389
28.4138168, 70.2974212
28.0169109, 69.3170462
28.0149864, 69.3188838
24.8769937, 67.0819822
27.9624755, 68.6430226
27.55788, 68.208122
27.8499932, 67.898081
27.5584809, 68.2128845
27.5539271, 68.2030775
28.2756252, 68.4481103
28.2756252, 68.4481103
33.6829591, 73.0191825
26.8401163, 68.1195448
26.8418438, 68.1188779
26.3832014, 68.3294216
26.3832014, 68.3294216
26.8820194, 69.097023
26.8820194, 69.097023
26.9375774, 68.9334269
25.3782359, 68.3690232
25.381459, 68.3696754
25.3777189, 68.3677026
25.381439, 68.3732265
25.3778731, 68.363527
25.3767793, 68.3727609
24.6591558, 68.8411031
24.6565457, 68.8388135
25.517905, 69.0107003
25.5157961, 69.0111027
25.9247041, 68.6194204
25.8808955, 68.4967196
25.9013815, 68.5260978
26.7272257, 67.7676926
26.7240458, 67.7716577
26.7265136, 67.7767303
26.0457391, 68.9363647
26.0411563, 68.937036
26.0460559, 68.9434365
24.7494034, 67.9277711
24.7514416, 67.9221908
25.8808955, 68.4967196
25.8808955, 68.4967196
24.8940173, 67.0277322
24.8948417, 67.0307914
24.8913796, 67.0311481
24.8896394, 67.0267834
24.8925904, 67.0309099
24.8956019, 67.0324989
25.8808955, 68.4967196
25.8973453, 68.5326568
25.8973453, 68.5326568
24.9274947, 67.0332374
24.8940173, 67.0277322
24.8896394, 67.0267834
24.8946506, 67.0324007
25.9013815, 68.5260978
25.8808955, 68.4967196
25.8973453, 68.5326568
24.8940173, 67.0277322
24.8940173, 67.0277322
30.2102232, 67.0179148